  -8.1847243e-01  -2.2071004e+00   3.0897589e+00  -2.9388000e+00   2.0000000e+00
  -5.0599774e-01  -2.5894918e+00   3.0600816e+00  -2.7339189e+00   2.0000000e+00
  -7.1231243e-01  -2.4620104e+00   3.1446562e+00  -1.6109953e+00   2.0000000e+00
  -2.7136545e-01  -2.2070975e+00   2.9175750e+00  -2.2580182e+00   2.0000000e+00
  -4.8617336e-01  -2.7007308e+00   3.1033528e+00  -1.9478407e+00   2.0000000e+00
  -6.0512437e-01  -3.0384553e+00   2.8372195e+00  -2.2352737e+00   2.0000000e+00
  -5.6569559e-01  -2.8887910e+00   2.6872684e+00  -2.0859951e+00   2.0000000e+00
  -6.7237926e-01  -3.3745598e+00   3.0632474e+00  -2.1758951e+00   2.0000000e+00
  -6.4429281e-01  -2.7528254e+00   3.2876960e+00  -2.0589966e+00   2.0000000e+00
  -1.0330484e+00  -3.3758516e+00   2.9195751e+00  -1.7018935e+00   2.0000000e+00
  -1.0871188e+00  -2.6887591e+00   3.4316459e+00  -1.6067311e+00   2.0000000e+00
  -7.5531084e-01  -2.5654389e+00   4.5651617e+00  -1.2858673e+00   2.0000000e+00
  -1.0750256e+00  -3.0878441e+00   2.8227743e+00  -3.0794091e+00   2.0000000e+00
  -1.1355545e+00  -3.9859075e+00   3.2738227e+00  -2.4784737e+00   2.0000000e+00
  -1.1516489e+00  -3.8702499e+00   3.3594771e+00  -3.0872259e+00   2.0000000e+00
  -1.1151754e+00  -2.7749915e+00   3.3969686e+00  -1.7860481e+00   2.0000000e+00
  -1.4224498e+00  -2.7136518e+00   3.3519419e+00  -2.3156066e+00   2.0000000e+00
  -1.0572760e+00  -3.1249973e+00   3.4765702e+00  -2.0123552e+00   2.0000000e+00
  -9.1359419e-01  -3.4469235e+00   3.0311156e+00  -2.0373073e+00   2.0000000e+00
  -8.7277203e-01  -3.2512732e+00   3.3399351e+00  -2.0053235e+00   2.0000000e+00
  -3.7515771e-01  -2.0962175e+00   3.3416474e+00  -1.9147254e+00   2.0000000e+00
  -6.6755643e-01  -2.8366501e+00   3.0279593e+00  -2.0381787e+00   2.0000000e+00
  -8.2902371e-01  -4.5041746e+00   3.4476989e+00  -1.8894410e+00   2.0000000e+00
  -8.2594686e-01  -2.4451637e+00   3.0136176e+00  -2.3375615e+00   2.0000000e+00
  -1.0441645e+00  -2.7069259e+00   2.8783973e+00  -3.4126500e+00   2.0000000e+00
  -1.4010610e+00  -2.8186659e+00   2.8684301e+00  -2.0770597e+00   2.0000000e+00
  -9.6140005e-01  -3.5313494e+00   3.2522248e+00  -2.1397700e+00   2.0000000e+00
  -1.0026386e+00  -3.1080253e+00   3.0083079e+00  -2.4147351e+00   2.0000000e+00
  -7.0133940e-01  -2.6265446e+00   2.7195362e+00  -1.9956088e+00   2.0000000e+00
  -1.0427979e+00  -2.0014242e+00   3.1825031e+00  -1.5541204e+00   2.0000000e+00
  -3.7055518e-01  -2.2098499e+00   2.2430142e+00  -2.6042436e+00   2.0000000e+00
  -2.2894249e+00  -3.3983916e+00   2.8577948e+00  -2.2434710e+00   2.0000000e+00
  -1.6298807e+00  -2.8618903e+00   3.1194249e+00  -2.0931948e+00   2.0000000e+00
  -1.3071537e+00  -3.2762417e+00   2.8258890e+00  -1.7324437e+00   2.0000000e+00
  -1.6013922e+00  -5.0601373e+00   3.6745124e+00  -1.5801385e+00   2.0000000e+00
  -1.5904545e+00  -2.4220133e+00   2.1133255e+00  -1.6120802e+00   3.0000000e+00
  -7.0089491e-01  -2.7042824e+00   3.2329656e+00  -1.9086041e+00   3.0000000e+00
  -5.7576962e-01  -2.9827990e+00   2.8176217e+00  -2.8419896e+00   3.0000000e+00
  -1.8320477e+00  -3.6476068e+00   3.2956570e+00  -2.6789613e+00   3.0000000e+00
  -1.6013922e+00  -3.0773133e+00   3.3916406e+00  -2.7270625e+00   3.0000000e+00
  -1.2740659e+00  -4.5398649e+00   3.4547290e+00  -2.3098418e+00   3.0000000e+00
  -1.9603662e+00  -2.6684312e+00   2.6876304e+00  -2.0601200e+00   3.0000000e+00
  -9.6140005e-01  -2.9385130e+00   3.0866908e+00  -1.7511750e+00   3.0000000e+00
  -1.1516592e+00  -2.6658689e+00   3.6835021e+00  -1.8471032e+00   3.0000000e+00
  -1.3071537e+00  -2.6571347e+00   2.7089010e+00  -2.1337098e+00   3.0000000e+00
  -8.2324106e-01  -2.7055501e+00   3.0457605e+00  -1.9824371e+00   3.0000000e+00
  -6.6449617e-01  -2.9359083e+00   2.6953518e+00  -3.9184667e+00   3.0000000e+00
  -2.0675779e+00  -3.2328161e+00   2.6876304e+00  -2.3287335e+00   3.0000000e+00
  -1.4513427e+00  -3.8611157e+00   2.9026238e+00  -3.8243007e+00   3.0000000e+00
  -1.3978839e+00  -3.2953762e+00   2.9076671e+00  -2.5003730e+00   3.0000000e+00
  -2.3863349e+00  -3.0291911e+00   3.0811357e+00  -2.1113215e+00   3.0000000e+00
  -1.3282721e+00  -3.4183941e+00   2.7264553e+00  -1.4294558e+00   3.0000000e+00
  -1.2232876e+00  -3.5872087e+00   3.9783165e+00  -1.7358534e+00   3.0000000e+00
  -9.1528781e-01  -2.3190134e+00   2.9960535e+00  -2.7664082e+00   3.0000000e+00
  -4.6673963e-01  -2.6025017e+00   2.9175750e+00  -2.5121236e+00   3.0000000e+00
  -5.8947104e-01  -3.0044863e+00   3.0210626e+00  -2.0068832e+00   3.0000000e+00
  -1.1856081e+00  -2.5037234e+00   3.1688892e+00  -2.5551521e+00   2.0000000e+00
  -8.4472746e-01  -2.0549243e+00   3.0998155e+00  -9.8843499e-01   2.0000000e+00
  -1.6476529e+00  -3.2601331e+00   4.5038256e+00  -1.1998160e+00   2.0000000e+00
  -1.8874192e+00  -2.4718328e+00   3.4066241e+00  -1.2147785e+00   2.0000000e+00
  -9.5224960e-01  -2.6367746e+00   2.2050896e+00  -1.4650532e+00   2.0000000e+00
  -6.6274567e-01  -2.4616043e+00   3.7758338e+00  -1.6956274e+00   2.0000000e+00
  -1.0466243e+00  -2.2890656e+00   3.2581969e+00  -2.0673876e+00   1.0000000e+00
  -1.4755283e+00  -3.1840778e+00   3.0499717e+00  -1.5040599e+00   2.0000000e+00
  -1.2981988e+00  -2.8567637e+00   3.8575110e+00  -1.6083992e+00   2.0000000e+00
  -6.6980084e-01  -2.2242641e+00   2.8989864e+00  -2.1342689e+00   2.0000000e+00
  -4.3451183e-01  -2.1804105e+00   3.0882010e+00  -2.2707720e+00   2.0000000e+00
  -1.3052666e+00  -3.0530889e+00   3.3210585e+00  -1.7270282e+00   2.0000000e+00
  -1.5734216e+00  -3.6117807e+00   3.8043346e+00  -1.9960992e+00   2.0000000e+00
  -1.3201922e+00  -3.0791881e+00   3.2695863e+00  -1.5565847e+00   2.0000000e+00
  -1.5790254e+00  -4.0478084e+00   3.9851343e+00  -1.9372395e+00   2.0000000e+00
  -9.5229857e-01  -2.7927897e+00   3.0366389e+00  -2.3716643e+00   3.0000000e+00
  -7.0395821e-01  -2.4638977e+00   2.9936822e+00  -2.9595508e+00   4.0000000e+00
  -9.4888273e-01  -2.3437962e+00   2.9664605e+00  -1.6070329e+00   4.0000000e+00
  -1.2963178e+00  -2.3888958e+00   2.6285728e+00  -1.6317758e+00   4.0000000e+00
  -9.1529148e-01  -3.1903715e+00   3.0343865e+00  -1.5614225e+00   4.0000000e+00
  -6.7242451e-01  -2.7356705e+00   2.8191248e+00  -2.4729229e+00   4.0000000e+00
  -1.2300783e+00  -2.4562236e+00   2.8575165e+00  -1.5904004e+00   4.0000000e+00
  -1.9563697e+00  -2.5608080e+00   2.5064375e+00  -1.2610666e+00   4.0000000e+00
  -1.2303116e+00  -3.4753512e+00   3.4593122e+00  -1.2928986e+00   4.0000000e+00
  -1.4443269e+00  -2.9700462e+00   2.8111200e+00  -1.9534566e+00   4.0000000e+00
  -1.2925246e+00  -2.6315072e+00   2.9773241e+00  -2.2060410e+00   4.0000000e+00
  -1.0813085e+00  -3.6252336e+00   3.0623917e+00  -1.7456959e+00   4.0000000e+00
  -1.1034384e+00  -2.8143009e+00   3.3745728e+00  -1.6764178e+00   4.0000000e+00
  -7.9434344e-01  -2.6622302e+00   2.6131835e+00  -1.3369693e+00   4.0000000e+00
  -9.7377547e-01  -2.6988560e+00   2.7118988e+00  -1.3851331e+00   4.0000000e+00
  -1.1459910e+00  -3.1344462e+00   3.4279917e+00  -1.5496850e+00   4.0000000e+00
  -1.0016234e+00  -4.4258100e+00   2.6968687e+00  -1.8484876e+00   4.0000000e+00
  -8.2032897e-01  -2.3213246e+00   3.8721511e+00  -1.2893105e+00   4.0000000e+00
  -1.1655863e+00  -5.1939587e+00   2.9792737e+00  -2.0122768e+00   4.0000000e+00
  -1.6266671e+00  -2.5796443e+00   2.6663599e+00  -1.5738679e+00   4.0000000e+00
  -1.1808113e+00  -3.5115328e+00   3.1136800e+00  -2.2299935e+00   4.0000000e+00
  -1.2175748e+00  -2.4555442e+00   3.0113250e+00  -1.8172858e+00   4.0000000e+00
  -1.1019042e+00  -3.6307085e+00   2.4365228e+00  -1.4192557e+00   4.0000000e+00
  -1.5013784e+00  -3.3533802e+00   3.2997865e+00  -1.4060631e+00   4.0000000e+00
  -1.0472149e+00  -2.9660498e+00   2.6769952e+00  -1.6567802e+00   4.0000000e+00
  -1.1354746e+00  -2.8726916e+00   2.8617523e+00  -1.4859663e+00   4.0000000e+00
  -8.2238938e-01  -2.5895125e+00   2.5068308e+00  -1.8830229e+00   4.0000000e+00
  -9.3270275e-01  -2.6363059e+00   2.8475142e+00  -2.1952320e+00   2.0000000e+00
  -4.8033222e-01  -2.7169908e+00   2.8989862e+00  -3.2567807e+00   2.0000000e+00
  -1.1151772e+00  -1.9340511e+00   3.0433761e+00  -1.9538014e+00   2.0000000e+00
  -9.5456163e-01  -2.4790887e+00   3.0861112e+00  -2.0231886e+00   2.0000000e+00
  -1.6710019e+00  -1.9185696e+00   3.0317455e+00  -1.8815102e+00   2.0000000e+00
  -4.9419232e-01  -1.9177281e+00   3.3575485e+00  -1.1786160e+00   2.0000000e+00
  -3.1362250e-01  -2.2160752e+00   2.4514213e+00  -1.4302911e+00   2.0000000e+00
  -4.2019110e-01  -2.3069839e+00   3.0967949e+00  -1.8010758e+00   2.0000000e+00
  -1.5029860e+00  -3.1877678e+00   3.1076867e+00  -1.3216948e+00   2.0000000e+00
  -1.3949276e+00  -2.9633397e+00   2.4558925e+00  -1.5125084e+00   2.0000000e+00
  -1.6702905e+00  -2.9628402e+00   2.9899573e+00  -2.4721970e+00   2.0000000e+00
  -1.6481282e+00  -3.5366337e+00   3.1402773e+00  -1.9585536e+00   2.0000000e+00
  -1.5774529e+00  -3.3625092e+00   2.9898760e+00  -3.2146965e+00   2.0000000e+00
  -1.7232271e+00  -3.0446399e+00   2.9792736e+00  -2.3003856e+00   2.0000000e+00
  -1.4735630e+00  -3.4834832e+00   2.6524360e+00  -2.2117551e+00   2.0000000e+00
  -1.3231186e+00  -2.5748251e+00   2.9125408e+00  -1.9506299e+00   2.0000000e+00
  -1.0000539e+00  -1.9709568e+00   2.6916987e+00  -1.4304857e+00   2.0000000e+00
  -6.9592376e-01  -2.1228888e+00   3.0437415e+00  -1.8687285e+00   2.0000000e+00
  -4.1083973e-01  -1.9347784e+00   3.3792757e+00  -1.4712428e+00   2.0000000e+00
  -6.3935141e-01  -2.7924004e+00   2.9173602e+00  -2.2671380e+00   2.0000000e+00
  -6.9595336e-01  -2.2283075e+00   3.0113249e+00  -1.1602616e+00   2.0000000e+00
  -1.9337672e+00  -2.9586177e+00   2.9125408e+00  -1.4768196e+00   2.0000000e+00
  -1.4771746e+00  -3.1149215e+00   2.2550463e+00  -9.8744586e-01   2.0000000e+00
  -1.3913701e+00  -3.1241684e+00   3.2314633e+00  -2.1128261e+00   2.0000000e+00
  -1.2273606e+00  -3.3345069e+00   3.4227299e+00  -1.4010382e+00   2.0000000e+00
  -1.2764224e+00  -3.9120386e+00   2.8797709e+00  -1.9658777e+00   2.0000000e+00
  -1.2942525e+00  -4.1458629e+00   3.0677998e+00  -2.0959496e+00   2.0000000e+00
  -1.0406712e+00  -2.2706309e+00   2.8190556e+00  -1.4609322e+00   2.0000000e+00
  -8.4792915e-01  -2.5534280e+00   2.4908478e+00  -1.6440613e+00   2.0000000e+00
  -6.7514690e-01  -2.5524128e+00   3.0537125e+00  -1.1996852e+00   2.0000000e+00
  -7.6205346e-01  -2.3158404e+00   3.9169295e+00  -1.3666538e+00   2.0000000e+00
  -1.0507872e+00  -2.5199692e+00   3.1697094e+00  -2.3036139e+00   2.0000000e+00
  -1.2753698e+00  -2.7828122e+00   2.8447779e+00  -2.4761919e+00   2.0000000e+00
  -9.1051462e-01  -1.9891907e+00   2.9862633e+00  -1.8827944e+00   2.0000000e+00
  -4.8816997e-01  -2.1434533e+00   2.7280864e+00  -1.4447287e+00   2.0000000e+00
  -5.9043092e-01  -3.0191872e+00   3.0687710e+00  -1.9859084e+00   2.0000000e+00
  -5.5204610e-01  -2.4342829e+00   3.3249578e+00  -1.2701574e+00   2.0000000e+00
  -6.3785908e-01  -3.2926343e+00   2.5910393e+00  -1.7638864e+00   2.0000000e+00
  -6.5490445e-01  -2.2892767e+00   2.8904146e+00  -1.4005447e+00   2.0000000e+00
  -1.3970063e+00  -2.2987327e+00   2.9191820e+00  -2.6486857e+00   2.0000000e+00
  -5.9690746e-01  -2.0699249e+00   2.8240738e+00  -2.6776500e+00   2.0000000e+00
  -3.7594315e-01  -4.0213865e+00   2.7826679e+00  -1.6793217e+00   2.0000000e+00
  -3.7501214e-01  -2.4886681e+00   2.9811675e+00  -1.7389177e+00   2.0000000e+00
  -4.6701074e-01  -2.0890742e+00   3.4335934e+00  -1.4886987e+00   2.0000000e+00
  -6.3860461e-01  -2.0000929e+00   2.9898760e+00  -1.8688053e+00   2.0000000e+00
  -1.2515009e+00  -3.2770215e+00   3.2250001e+00  -1.9517035e+00   2.0000000e+00
  -1.9243326e+00  -2.0630963e+00   2.8008618e+00  -1.4746973e+00   2.0000000e+00
  -1.0271698e+00  -2.4951745e+00   3.1188301e+00  -2.1195577e+00   2.0000000e+00
  -1.8346848e+00  -2.7136126e+00   2.9305053e+00  -1.8003709e+00   2.0000000e+00
  -1.3864944e+00  -2.6474901e+00   3.1469935e+00  -2.0441027e+00   2.0000000e+00
  -1.0957854e+00  -3.3132567e+00   2.9899573e+00  -1.9227271e+00   2.0000000e+00
  -1.2273606e+00  -2.8401355e+00   2.9121426e+00  -1.5826978e+00   2.0000000e+00
  -1.4035277e+00  -2.9342169e+00   2.5547814e+00  -1.6233031e+00   2.0000000e+00
  -1.7152582e+00  -2.2616272e+00   2.9685898e+00  -1.3624258e+00   2.0000000e+00
  -2.2573997e+00  -3.5134271e+00   2.5426954e+00  -3.8985559e+00   2.0000000e+00
  -1.9642592e+00  -3.3442932e+00   2.5448910e+00  -1.8561297e+00   2.0000000e+00
  -8.2679324e-01  -2.4776357e+00   2.9439833e+00  -2.2783630e+00   2.0000000e+00
  -5.3756784e-01  -2.4658517e+00   2.7208623e+00  -2.1106598e+00   2.0000000e+00
  -6.5249093e-01  -2.4986457e+00   2.8736372e+00  -1.7463660e+00   2.0000000e+00
  -5.9742454e-01  -2.3003325e+00   3.0437414e+00  -2.2752135e+00   2.0000000e+00
  -8.9116621e-01  -3.3529977e+00   2.9121426e+00  -1.6291604e+00   2.0000000e+00
  -9.1216603e-01  -3.6747897e+00   2.5910393e+00  -1.6392188e+00   2.0000000e+00
  -8.9931839e-01  -2.1383081e+00   2.9899573e+00  -2.6976366e+00   2.0000000e+00
  -1.0021974e+00  -3.4921456e+00   3.3284834e+00  -1.4522941e+00   2.0000000e+00
  -9.8906524e-01  -2.5294501e+00   2.9936822e+00  -2.6176749e+00   2.0000000e+00
  -1.5336549e+00  -2.0523496e+00   2.9338699e+00  -1.7605157e+00   2.0000000e+00
  -8.2260300e-01  -1.8919619e+00   3.1711654e+00  -2.1755165e+00   2.0000000e+00
  -4.2786373e-01  -2.2889083e+00   3.0551312e+00  -2.2873169e+00   2.0000000e+00
  -8.4792915e-01  -2.7099637e+00   3.0769909e+00  -2.1874812e+00   3.0000000e+00
  -1.0288764e+00  -2.6051018e+00   3.2380496e+00  -1.4903534e+00   3.0000000e+00
  -1.2245508e+00  -2.5961931e+00   3.6800797e+00  -1.4820892e+00   3.0000000e+00
  -9.8432952e-01  -1.9316627e+00   3.1072663e+00  -1.6402140e+00   3.0000000e+00
  -2.0611050e+00  -3.1137016e+00   3.0382198e+00  -3.0302916e+00   3.0000000e+00
  -1.6562803e+00  -3.3542491e+00   3.0220087e+00  -1.8324056e+00   3.0000000e+00
  -1.2774433e+00  -2.8853981e+00   3.0687708e+00  -1.8730236e+00   3.0000000e+00
  -1.6882318e+00  -3.2364691e+00   3.4010030e+00  -1.7521270e+00   3.0000000e+00
  -1.5461952e+00  -3.0955744e+00   3.1590794e+00  -2.0026632e+00   3.0000000e+00
  -1.3728355e+00  -2.7467291e+00   3.3318378e+00  -1.1998362e+00   3.0000000e+00
  -8.5425087e-01  -2.5032055e+00   3.2880932e+00  -2.2637315e+00   3.0000000e+00
  -1.2074144e+00  -1.9287552e+00   3.4232176e+00  -1.3893990e+00   3.0000000e+00
  -6.5147940e-01  -2.3137009e+00   3.9809248e+00  -1.9872456e+00   3.0000000e+00
  -8.5792563e-01  -3.0392667e+00   3.8019233e+00  -1.1498473e+00   3.0000000e+00
  -1.1966736e+00  -2.4917886e+00   3.1313448e+00  -1.7609211e+00   3.0000000e+00
  -8.4313365e-01  -3.2472420e+00   2.7012698e+00  -1.5204960e+00   3.0000000e+00
  -8.2032871e-01  -2.5087402e+00   3.1136609e+00  -1.7732892e+00   3.0000000e+00
  -1.0115761e+00  -2.2548527e+00   3.4066241e+00  -1.4694488e+00   3.0000000e+00
  -1.4350448e+00  -3.2667490e+00   2.8428674e+00  -1.8735670e+00   1.0000000e+00
  -1.5635263e+00  -3.0467294e+00   3.0754276e+00  -9.1306240e-01   1.0000000e+00
  -7.9180423e-01  -2.6587863e+00   3.1107355e+00  -1.8554447e+00   1.0000000e+00
  -6.9974598e-01  -2.1776548e+00   3.3532053e+00  -1.3749803e+00   1.0000000e+00
  -1.0053716e+00  -3.3102056e+00   2.9579062e+00  -1.6271195e+00   1.0000000e+00
  -1.3031572e+00  -3.1764552e+00   2.9043906e+00  -1.3602641e+00   1.0000000e+00
  -1.4181944e+00  -3.1483304e+00   3.6626858e+00  -1.1933829e+00   1.0000000e+00
  -6.9516292e-01  -4.4291147e+00   3.3466773e+00  -1.8102208e+00   1.0000000e+00
  -6.9592376e-01  -3.3189000e+00   3.1998319e+00  -2.0750704e+00   1.0000000e+00
  -7.2237411e-01  -2.1329580e+00   2.9911932e+00  -1.4418962e+00   1.0000000e+00
  -1.0513449e+00  -3.9418875e+00   3.4854003e+00  -1.4759913e+00   1.0000000e+00
  -1.0611679e+00  -2.4554838e+00   2.9044874e+00  -1.5674473e+00   1.0000000e+00
  -1.9556415e+00  -3.4201700e+00   3.2564927e+00  -1.9212685e+00   3.0000000e+00
  -1.6882318e+00  -3.8330737e+00   2.9591914e+00  -1.5564439e+00   3.0000000e+00
  -1.6476529e+00  -3.6440291e+00   3.3388222e+00  -1.5154263e+00   3.0000000e+00
  -1.7313450e+00  -5.3069955e+00   2.8083335e+00  -1.8971370e+00   3.0000000e+00
  -1.5061917e+00  -4.4450609e+00   3.2337740e+00  -1.8255740e+00   3.0000000e+00
  -1.4939665e+00  -3.1379158e+00   2.8631860e+00  -1.6147252e+00   3.0000000e+00
  -1.6553397e+00  -3.4617986e+00   3.1951417e+00  -1.7929902e+00   3.0000000e+00
  -1.7928631e+00  -2.7274699e+00   2.9151712e+00  -1.9512994e+00   3.0000000e+00
  -1.6880352e+00  -2.8350237e+00   3.0687708e+00  -1.8242588e+00   3.0000000e+00
  -1.2458726e+00  -2.7852474e+00   2.6970590e+00  -1.4826560e+00   3.0000000e+00
  -1.4640085e+00  -3.8560704e+00   3.1469934e+00  -1.0616141e+00   3.0000000e+00
  -1.4138774e+00  -3.0940693e+00   3.3566110e+00  -1.8316756e+00   2.0000000e+00
  -1.2326249e+00  -2.8132691e+00   2.9911932e+00  -1.6752896e+00   2.0000000e+00
  -1.4258041e+00  -3.0948237e+00   3.2799390e+00  -1.6655484e+00   2.0000000e+00
  -1.2316692e+00  -3.1605980e+00   3.2564927e+00  -1.1246436e+00   2.0000000e+00
  -1.1203720e+00  -3.0631436e+00   5.1178154e+00  -8.6529321e-01   2.0000000e+00
  -1.1940127e+00  -2.6070732e+00   3.2535317e+00  -1.6590685e+00   2.0000000e+00
  -9.8657086e-01  -2.3653366e+00   2.8844754e+00  -1.8302642e+00   1.0000000e+00
  -8.5307605e-01  -2.6749252e+00   2.9289677e+00  -1.9061698e+00   1.0000000e+00
  -1.4149175e+00  -3.1249142e+00   3.0012714e+00  -2.4161754e+00   2.0000000e+00
  -1.1534498e+00  -3.5197114e+00   2.8388183e+00  -2.1270412e+00   2.0000000e+00
  -1.1919389e+00  -3.2959355e+00   2.6916987e+00  -1.7913249e+00   2.0000000e+00
  -1.1048393e+00  -3.4047881e+00   3.3036029e+00  -1.9736523e+00   1.0000000e+00
  -1.2084798e+00  -3.2182626e+00   2.8535628e+00  -1.5561721e+00   1.0000000e+00
  -1.1319409e+00  -2.2571693e+00   3.4012588e+00  -1.3243368e+00   1.0000000e+00
  -6.9628476e-01  -2.7460682e+00   3.1919968e+00  -1.0931861e+00   1.0000000e+00
  -9.0226862e-01  -2.9118004e+00   6.6095665e+00  -7.2443324e-01   1.0000000e+00
  -8.2568921e-01  -1.9881126e+00   2.8918310e+00  -1.5545844e+00   1.0000000e+00
  -1.4149175e+00  -3.6376250e+00   2.9191820e+00  -2.7710563e+00   1.0000000e+00
  -1.5419617e+00  -2.8145467e+00   2.8474278e+00  -2.3873492e+00   1.0000000e+00
  -1.2297274e+00  -3.3023627e+00   2.9282187e+00  -1.3452394e+00   1.0000000e+00
  -9.0834122e-01  -2.9300724e+00   3.0183874e+00  -2.9236398e+00   1.0000000e+00
  -7.6132167e-01  -2.9507103e+00   3.0688841e+00  -1.5840208e+00   1.0000000e+00
  -8.2052890e-01  -2.0269617e+00   2.5552062e+00  -1.1891371e+00   1.0000000e+00
  -1.5475430e+00  -3.5568011e+00   3.1850438e+00  -1.6770415e+00   1.0000000e+00
  -1.3969047e+00  -3.2055471e+00   4.0760116e+00  -1.4106406e+00   1.0000000e+00
  -1.2808799e+00  -2.6454247e+00   3.3102896e+00  -1.3046347e+00   1.0000000e+00
  -1.0551009e+00  -2.3439915e+00   2.9646065e+00  -1.8256845e+00   1.0000000e+00
  -1.5263926e+00  -3.0127900e+00   3.5468097e+00  -1.9659543e+00   1.0000000e+00
  -1.5293182e+00  -3.5055647e+00   2.9811853e+00  -2.6350860e+00   1.0000000e+00
  -1.7868757e+00  -2.8711925e+00   2.8830518e+00  -1.5802084e+00   1.0000000e+00
  -8.8613603e-01  -4.0616077e+00   2.9315826e+00  -2.1296419e+00   1.0000000e+00
  -8.7402595e-01  -2.6475556e+00   3.2458227e+00  -1.7587505e+00   1.0000000e+00
  -1.4103698e+00  -3.2292353e+00   2.8765266e+00  -2.0878923e+00   1.0000000e+00
  -1.1948000e+00  -3.1099865e+00   2.5305783e+00  -3.0245374e+00   1.0000000e+00
  -1.6522784e+00  -4.0297728e+00   2.9439833e+00  -2.1856607e+00   1.0000000e+00
  -1.4383985e+00  -3.9160626e+00   2.9315826e+00  -2.3541777e+00   1.0000000e+00
  -1.2312731e+00  -3.0653639e+00   2.9439833e+00  -2.0990546e+00   1.0000000e+00
